{"camera_angle_x": 0.6911112070083618, "frames": [{"file_path": "./test/r_000", "rotation": 0.3141592653589793, "time": 0.0, "transform_matrix": [[-0.23737262189388275, -0.7709580659866333, 0.5909972190856934, 2.382385730743408], [0.9714186191558838, -0.18838874995708466, 0.14441411197185516, 0.5821518301963806], [7.450580152834618e-09, 0.6083856821060181, 0.7936415672302246, 3.1992712020874023], [0.0, 0.0, 0.0, 1.0]]}, {"file_path": "./test/r_001", "rotation": 0.3141592653589793, "time": 0.050505050505050504, "transform_matrix": [[0.5579881072044373, -0.7604542970657349, 0.3322025537490845, 1.339151382446289], [0.8298488855361938, 0.5113273859024048, -0.22337210178375244, -0.9004417657852173], [1.4901160305669237e-08, 0.4003169536590576, 0.9163767695426941, 3.694032907485962], [0.0, 0.0, 0.0, 1.0]]}, {"file_path": "./test/r_002", "rotation": 0.3141592653589793, "time": 0.10101010101010101, "transform_matrix": [[0.6152627468109131, -0.66414874792099, 0.4246859550476074, 1.7119638919830322], [0.7883220911026001, 0.5183489918708801, -0.33145520091056824, -1.3361386060714722], [1.4901161193847656e-08, 0.5387213826179504, 0.8424839973449707, 3.3961615562438965], [0.0, 0.0, 0.0, 1.0]]}, {"file_path": "./test/r_003", "rotation": 0.3141592653589793, "time": 0.15151515151515152, "transform_matrix": [[0.8069770932197571, -0.33183348178863525, 0.4885431230068207, 1.969380497932434], [0.5905826091766357, 0.45342007279396057, -0.6675494313240051, -2.6909780502319336], [0.0, 0.8272223472595215, 0.5618746280670166, 2.2649893760681152], [0.0, 0.0, 0.0, 1.0]]}, {"file_path": "./test/r_004", "rotation": 0.3141592653589793, "time": 0.20202020202020202, "transform_matrix": [[0.9647207856178284, 0.19263719022274017, -0.1794566512107849, -0.7234128713607788], [-0.2632750868797302, 0.7058818340301514, -0.6575842499732971, -2.6508069038391113], [0.0, 0.6816316246986389, 0.7316954731941223, 2.949558734893799], [0.0, 0.0, 0.0, 1.0]]}, {"file_path": "./test/r_005", "rotation": 0.3141592653589793, "time": 0.26262626262626265, "transform_matrix": [[0.22953112423419952, 0.8311888575553894, -0.506399393081665, -2.0413613319396973], [-0.9733014106750488, 0.1960170865058899, -0.11942283809185028, -0.48140886425971985], [0.0, 0.5202904343605042, 0.8539894223213196, 3.4425413608551025], [0.0, 0.0, 0.0, 1.0]]}, {"file_path": "./test/r_006", "rotation": 0.3141592653589793, "time": 0.31313131313131315, "transform_matrix": [[-0.7168663740158081, 0.28681084513664246, -0.6354857683181763, -2.5617246627807617], [-0.6972106099128723, -0.29489660263061523, 0.6534014344215393, 2.6339452266693115], [2.9802322387695312e-08, 0.9114688634872437, 0.41136905550956726, 1.6582815647125244], [0.0, 0.0, 0.0, 1.0]]}, {"file_path": "./test/r_007", "rotation": 0.3141592653589793, "time": 0.36363636363636365, "transform_matrix": [[-0.9144318699836731, 0.39863866567611694, -0.07001041620969772, -0.2822209894657135], [-0.404739648103714, -0.9006478190422058, 0.15817514061927795, 0.6376243233680725], [0.0, 0.1729763299226761, 0.9849260449409485, 3.9703633785247803], [0.0, 0.0, 0.0, 1.0]]}, {"file_path": "./test/r_008", "rotation": 0.3141592653589793, "time": 0.41414141414141414, "transform_matrix": [[-0.7736867070198059, 0.579826831817627, -0.25536173582077026, -1.0293960571289062], [-0.6335683465003967, -0.7080598473548889, 0.3118368685245514, 1.2570545673370361], [0.0, 0.4030531346797943, 0.9151765704154968, 3.689194679260254], [0.0, 0.0, 0.0, 1.0]]}, {"file_path": "./test/r_009", "rotation": 0.3141592653589793, "time": 0.46464646464646464, "transform_matrix": [[0.6870129108428955, -0.18080894649028778, 0.7037907242774963, 2.837071180343628], [0.7266451716423035, 0.1709473729133606, -0.6654049754142761, -2.68233323097229], [-7.450580596923828e-09, 0.9685478806495667, 0.2488270401954651, 1.003053903579712], [0.0, 0.0, 0.0, 1.0]]}, {"file_path": "./train/r_0", "rotation": 0.12566370614359174, "time": 0.0, "transform_matrix": [[-0.06029761955142021, -0.6830717325210571, 0.7278578877449036, 2.934088945388794], [0.9981804490089417, -0.0412626750767231, 0.04396809637546539, 0.17724107205867767], [0.0, 0.7291845679283142, 0.6843169927597046, 2.7585699558258057], [0.0, 0.0, 0.0, 1.0]]}, {"file_path": "./train/r_1", "rotation": 0.12566370614359174, "time": 0.020202020202020204, "transform_matrix": [[0.40335917472839355, -0.6805809736251831, 0.6116460561752319, 2.4656240940093994], [0.9150418043136597, 0.30000659823417664, -0.2696194350719452, -1.0868706703186035], [0.0, 0.6684350371360779, 0.7437704205513, 2.998234272003174], [0.0, 0.0, 0.0, 1.0]]}, {"file_path": "./train/r_2", "rotation": 0.12566370614359174, "time": 0.04040404040404041, "transform_matrix": [[0.9498140811920166, 0.1713954210281372, -0.26168033480644226, -1.054867148399353], [-0.3128145933151245, 0.520416259765625, -0.7945526838302612, -3.202944278717041], [0.0, 0.8365347981452942, 0.5479137897491455, 2.2087111473083496], [0.0, 0.0, 0.0, 1.0]]}, {"file_path": "./train/r_3", "rotation": 0.12566370614359174, "time": 0.06060606060606061, "transform_matrix": [[-0.5589629411697388, 0.6003601551055908, -0.5719510316848755, -2.3056085109710693], [-0.8291925191879272, -0.4047059118747711, 0.3855551481246948, 1.554222583770752], [-1.4901160305669237e-08, 0.6897686123847961, 0.7240297794342041, 2.9186575412750244], [0.0, 0.0, 0.0, 1.0]]}, {"file_path": "./train/r_4", "rotation": 0.12566370614359174, "time": 0.08080808080808081, "transform_matrix": [[0.532782256603241, -0.48887234926223755, 0.6907581686973572, 2.7845351696014404], [0.84625244140625, 0.30778345465660095, -0.4348864257335663, -1.7530832290649414], [0.0, 0.816255509853363, 0.5776910185813904, 2.328747034072876], [0.0, 0.0, 0.0, 1.0]]}, {"file_path": "./train/r_5", "rotation": 0.12566370614359174, "time": 0.10101010101010101, "transform_matrix": [[-0.9888061285018921, 0.03011808916926384, -0.14613433182239532, -0.5890863537788391], [-0.14920569956302643, -0.1995966136455536, 0.968451738357544, 3.903953790664673], [-1.862645149230957e-09, 0.9794151186943054, 0.20185615122318268, 0.8137081861495972], [0.0, 0.0, 0.0, 1.0]]}, {"file_path": "./train/r_6", "rotation": 0.12566370614359174, "time": 0.12121212121212122, "transform_matrix": [[0.8380147218704224, -0.5187746286392212, 0.16912758350372314, 0.6817750930786133], [0.5456475019454956, 0.7967427968978882, -0.25974899530410767, -1.047081708908081], [0.0, 0.3099575340747833, 0.9507503509521484, 3.832597255706787], [0.0, 0.0, 0.0, 1.0]]}, {"file_path": "./train/r_7", "rotation": 0.12566370614359174, "time": 0.1414141414141414, "transform_matrix": [[0.7509344816207886, 0.13867956399917603, -0.6456511616706848, -2.6027028560638428], [-0.6603766679763794, 0.15769678354263306, -0.7341896295547485, -2.9596128463745117], [1.4901160305669237e-08, 0.9777012467384338, 0.21000072360038757, 0.8465398550033569], [0.0, 0.0, 0.0, 1.0]]}, {"file_path": "./train/r_8", "rotation": 0.12566370614359174, "time": 0.16161616161616163, "transform_matrix": [[-0.9048213362693787, -0.3407025933265686, 0.25538215041160583, 1.0294784307479858], [0.42579132318496704, -0.7240048050880432, 0.5426958799362183, 2.1876771450042725], [0.0, 0.5997822880744934, 0.800163209438324, 3.2255611419677734], [0.0, 0.0, 0.0, 1.0]]}, {"file_path": "./train/r_9", "rotation": 0.12566370614359174, "time": 0.18181818181818182, "transform_matrix": [[0.9869949817657471, -0.12447872757911682, 0.10171560198068619, 0.41002869606018066], [0.16075141727924347, 0.7642848491668701, -0.6245219707489014, -2.517528533935547], [7.450580596923828e-09, 0.6327509880065918, 0.7743553519248962, 3.1215262413024902], [0.0, 0.0, 0.0, 1.0]]}, {"file_path": "./train/r_10", "rotation": 0.12566370614359174, "time": 0.20202020202020202, "transform_matrix": [[0.0552363358438015, -0.9744675159454346, 0.21762782335281372, 0.8772858381271362], [0.9984732866287231, 0.053908318281173706, -0.012039344757795334, -0.0485321506857872], [9.313225746154785e-10, 0.21796053647994995, 0.9759575724601746, 3.934210777282715], [0.0, 0.0, 0.0, 1.0]]}, {"file_path": "./train/r_11", "rotation": 0.12566370614359174, "time": 0.2222222222222222, "transform_matrix": [[-0.6230484247207642, -0.24851004779338837, 0.741655707359314, 2.9897098541259766], [0.7821831703186035, -0.1979508399963379, 0.5907663702964783, 2.381455421447754], [0.0, 0.9481866955757141, 0.3177133798599243, 1.2807435989379883], [0.0, 0.0, 0.0, 1.0]]}, {"file_path": "./train/r_12", "rotation": 0.12566370614359174, "time": 0.24242424242424243, "transform_matrix": [[0.7713221907615662, 0.5298662781715393, -0.3525673747062683, -1.421244502067566], [-0.6364448666572571, 0.6421571373939514, -0.4272845387458801, -1.7224390506744385], [-1.4901161193847656e-08, 0.5539636611938477, 0.83254075050354, 3.3560791015625], [0.0, 0.0, 0.0, 1.0]]}, {"file_path": "./train/r_13", "rotation": 0.12566370614359174, "time": 0.26262626262626265, "transform_matrix": [[0.6147074699401855, -0.23620092868804932, 0.7525582909584045, 3.0336592197418213], [0.7887551784515381, 0.18408052623271942, -0.5864977836608887, -2.3642477989196777], [0.0, 0.9541087746620178, 0.29946038126945496, 1.2071632146835327], [0.0, 0.0, 0.0, 1.0]]}, {"file_path": "./train/r_14", "rotation": 0.12566370614359174, "time": 0.2828282828282828, "transform_matrix": [[-0.5398494601249695, -0.827213704586029, 0.15582050383090973, 0.6281325221061707], [0.8417617082595825, -0.5305193662643433, 0.09993281215429306, 0.40284204483032227], [0.0, 0.1851123422384262, 0.9827173352241516, 3.9614603519439697], [0.0, 0.0, 0.0, 1.0]]}, {"file_path": "./train/r_15", "rotation": 0.12566370614359174, "time": 0.30303030303030304, "transform_matrix": [[0.5644873380661011, -0.4913114905357361, 0.6633002161979675, 2.6738483905792236], [0.8254416584968567, 0.33598873019218445, -0.45360511541366577, -1.8285404443740845], [1.4901158529312397e-08, 0.8035699725151062, 0.5952103734016418, 2.399369478225708], [0.0, 0.0, 0.0, 1.0]]}, {"file_path": "./train/r_16", "rotation": 0.12566370614359174, "time": 0.32323232323232326, "transform_matrix": [[0.32368311285972595, 0.3491271734237671, -0.8793972134590149, -3.5449635982513428], [-0.9461655020713806, 0.1194363683462143, -0.30084168910980225, -1.2127315998077393], [0.0, 0.9294326901435852, 0.3689916431903839, 1.4874528646469116], [0.0, 0.0, 0.0, 1.0]]}, {"file_path": "./train/r_17", "rotation": 0.12566370614359174, "time": 0.3434343434343434, "transform_matrix": [[-0.4747307300567627, -0.8596745729446411, 0.18865418434143066, 0.7604893445968628], [0.8801311254501343, -0.46369674801826477, 0.1017574891448021, 0.41019755601882935], [7.450580596923828e-09, 0.21434782445430756, 0.9767574071884155, 3.9374351501464844], [0.0, 0.0, 0.0, 1.0]]}, {"file_path": "./train/r_18", "rotation": 0.12566370614359174, "time": 0.36363636363636365, "transform_matrix": [[0.38818302750587463, -0.889018177986145, 0.24281801283359528, 0.9788306951522827], [0.9215823411941528, 0.37446656823158264, -0.10227825492620468, -0.4122968316078186], [0.0, 0.2634793519973755, 0.9646649956703186, 3.8886890411376953], [0.0, 0.0, 0.0, 1.0]]}, {"file_path": "./train/r_19", "rotation": 0.12566370614359174, "time": 0.3838383838383838, "transform_matrix": [[0.5719099640846252, 0.24945726990699768, -0.7814666032791138, -3.1501927375793457], [-0.8203164935112, 0.17391714453697205, -0.5448245406150818, -2.196258068084717], [0.0, 0.9526404738426208, 0.30409881472587585, 1.2258615493774414], [0.0, 0.0, 0.0, 1.0]]}, {"file_path": "./train/r_20", "rotation": 0.12566370614359174, "time": 0.40404040404040403, "transform_matrix": [[-0.9732558131217957, -0.16216547787189484, 0.16271300613880157, 0.6559171676635742], [0.22972412407398224, -0.6870348453521729, 0.6893545985221863, 2.7788774967193604], [-7.450580596923828e-09, 0.7082975506782532, 0.7059139013290405, 2.845630168914795], [0.0, 0.0, 0.0, 1.0]]}, {"file_path": "./train/r_21", "rotation": 0.12566370614359174, "time": 0.42424242424242425, "transform_matrix": [[-0.29898491501808167, 0.6638567447662354, -0.6854941248893738, -2.763315200805664], [-0.9542577862739563, -0.2079973965883255, 0.21477675437927246, 0.8657928109169006], [0.0, 0.7183530926704407, 0.6956786513328552, 2.804370403289795], [0.0, 0.0, 0.0, 1.0]]}, {"file_path": "./train/r_22", "rotation": 0.12566370614359174, "time": 0.4444444444444444, "transform_matrix": [[0.30043941736221313, -0.47716549038887024, 0.82586270570755, 3.3291590213775635], [0.9538009166717529, 0.1503032147884369, -0.26013997197151184, -1.048657774925232], [0.0, 0.8658648729324341, 0.5002778768539429, 2.0166845321655273], [0.0, 0.0, 0.0, 1.0]]}, {"file_path": "./train/r_23", "rotation": 0.12566370614359174, "time": 0.46464646464646464, "transform_matrix": [[0.29123347997665405, 0.3949146866798401, -0.8713354468345642, -3.512465476989746], [-0.956652045249939, 0.12022383511066437, -0.2652605473995209, -1.0692994594573975], [0.0, 0.9108174443244934, 0.41280922293663025, 1.664087176322937], [0.0, 0.0, 0.0, 1.0]]}, {"file_path": "./train/r_24", "rotation": 0.12566370614359174, "time": 0.48484848484848486, "transform_matrix": [[0.5940755605697632, -0.7502968907356262, 0.29004961252212524, 1.1692273616790771], [0.8044092655181885, 0.5541123151779175, -0.21420863270759583, -0.8635026216506958], [0.0, 0.3605746924877167, 0.9327303171157837, 3.759956121444702], [0.0, 0.0, 0.0, 1.0]]}, {"file_path": "./val/r_0", "rotation": 0.5711986642890533, "time": 0.0, "transform_matrix": [[0.31561189889907837, -0.1464175581932068, 0.9375239014625549, 3.7792797088623047], [0.9488883018493652, 0.048700280487537384, -0.3118319511413574, -1.2570347785949707], [-3.7252898543727042e-09, 0.9880234003067017, 0.15430431067943573, 0.6220206022262573], [0.0, 0.0, 0.0, 1.0]]}, {"file_path": "./val/r_1", "rotation": 0.5711986642890533, "time": 0.09090909090909091, "transform_matrix": [[0.31561189889907837, -0.1464175581932068, 0.9375239014625549, 3.7792797088623047], [0.9488883018493652, 0.048700280487537384, -0.3118319511413574, -1.2570347785949707], [-3.7252898543727042e-09, 0.9880234003067017, 0.15430431067943573, 0.6220206022262573], [0.0, 0.0, 0.0, 1.0]]}, {"file_path": "./val/r_2", "rotation": 0.5711986642890533, "time": 0.1919191919191919, "transform_matrix": [[0.31561189889907837, -0.1464175581932068, 0.9375239014625549, 3.7792797088623047], [0.9488883018493652, 0.048700280487537384, -0.3118319511413574, -1.2570347785949707], [-3.7252898543727042e-09, 0.9880234003067017, 0.15430431067943573, 0.6220206022262573], [0.0, 0.0, 0.0, 1.0]]}, {"file_path": "./val/r_3", "rotation": 0.5711986642890533, "time": 0.29292929292929293, "transform_matrix": [[0.31561189889907837, -0.1464175581932068, 0.9375239014625549, 3.7792797088623047], [0.9488883018493652, 0.048700280487537384, -0.3118319511413574, -1.2570347785949707], [-3.7252898543727042e-09, 0.9880234003067017, 0.15430431067943573, 0.6220206022262573], [0.0, 0.0, 0.0, 1.0]]}, {"file_path": "./val/r_4", "rotation": 0.5711986642890533, "time": 0.3939393939393939, "transform_matrix": [[0.31561189889907837, -0.1464175581932068, 0.9375239014625549, 3.7792797088623047], [0.9488883018493652, 0.048700280487537384, -0.3118319511413574, -1.2570347785949707], [-3.7252898543727042e-09, 0.9880234003067017, 0.15430431067943573, 0.6220206022262573], [0.0, 0.0, 0.0, 1.0]]}]}